<?xml version="1.0" encoding="UTF-8" standalone="no"?>
<!DOCTYPE svg PUBLIC "-//W3C//DTD SVG 20010904//EN"
              "http://www.w3.org/TR/2001/REC-SVG-20010904/DTD/svg10.dtd">

<svg xmlns="http://www.w3.org/2000/svg"
     width="5.81111in" height="4.24444in"
     viewBox="0 0 523 382">
  <path id="Imported Path"
        fill="none" stroke="black" stroke-width="1"
        d="M 522.47,123.73
           C 522.41,142.95 522.47,360.66 522.47,379.87
             522.47,380.16 522.47,380.45 522.39,380.97
             521.53,380.60 520.79,380.32 520.09,379.97
             434.54,340.03 349.00,300.05 263.47,260.05
             262.88,259.72 262.19,259.53 261.46,259.53
             260.74,259.53 260.06,259.72 259.46,260.05
             173.83,300.12 88.17,340.16 2.49,380.17
             1.50,378.17 0.49,381.17 0.49,381.17
             0.49,381.17 0.49,122.19 0.49,122.19
             1.12,121.95 1.78,121.75 2.39,121.46
             88.00,81.49 173.61,41.50 259.23,1.51
             259.79,1.22 260.33,0.88 260.84,0.51
             260.84,0.51 262.12,0.51 262.12,0.51
             262.64,0.88 263.19,1.21 263.76,1.51
             263.76,1.51 522.47,123.73 522.47,123.73 Z" />
</svg>
